MEMORY
  total           14913 KB
  struct            159 KB
  buffer            418 KB
  arena           14336 KB, used 0.3%

SIZES
  narena                14680064
  nbuffer               428192
  nplugin               0
  maxuse_stack          17600
  maxuse_arena          50400
  maxuse_con            7
  maxuse_efc            49
  ncon                  4
  ne                    0
  nf                    12
  nl                    8
  nefc                  32
  nJ                    576
  nA                    0
  nisland               1
  nidof                 18
  ntree_awake           1
  nbody_awake           18
  nparent_awake         17
  nv_awake              18
  flg_energypos         0
  flg_energyvel         0
  flg_subtreevel        0
  flg_rnepost           1
  threadpool            0

TIMER
    0:  duration =  0.095      number = 1
    1:  duration =  0.092      number = 1
    2:  duration =  0          number = 0
    3:  duration =  0.061      number = 1
    4:  duration =  0.0047     number = 1
    5:  duration =  0.0015     number = 1
    6:  duration =  0.017      number = 1
    7:  duration =  0.0026     number = 1
    8:  duration =  0.0079     number = 1
    9:  duration =  0.004      number = 1
    10:  duration =  0.034      number = 1
    11:  duration =  0.014      number = 1
    12:  duration =  0.00015    number = 1
    13:  duration =  0.0079     number = 1
    14:  duration =  0.012      number = 1

SOLVER STAT
  solver_fwdinv =   0         0       
  ISLAND 0
    solver_niter = 1
    solver_nnz = 324
      0:  improvement =  0           gradient =  2.7e-16     lineslope =  7.2e-27 
          nactive = 32   nchange = 0   neval = 2   nupdate = 0

ENERGY =   0         0       

TIME =  12      

QPOS
  -0.022   
   0.00038 
   0.08    
   1       
   0.002   
  -0.049   
   5e-05   
  -0.68    
   3.5     
  -2.7     
   0.66    
   3.5     
  -2.7     
  -0.15    
   4.5     
  -2.7     
   0.14    
   4.5     
  -2.7     

QVEL
  -9.6e-06 
   2.5e-06 
  -3.7e-05 
   4.5e-05 
  -0.00016 
   5.9e-06 
   1.8e-05 
  -3.6e-08 
   5.7e-08 
  -0.00019 
  -3.4e-08 
   3.9e-08 
   0.00069 
   8.9e-09 
  -6.6e-08 
  -0.00082 
   9.6e-09 
  -6.8e-08 

QACC_WARMSTART
  -2.4e-08 
   2.5e-08 
  -1.3e-07 
   4.9e-07 
  -6.1e-07 
   6.7e-08 
  -8.3e-07 
   1.2e-09 
   1.4e-09 
  -9.9e-07 
   1.9e-09 
  -6.3e-10 
   1.6e-06 
   1.3e-08 
  -7.7e-09 
  -3e-06   
   1.6e-08 
  -9.8e-09 

CTRL
   0.1     
   0.8     
  -1.5     
  -0.1     
   0.8     
  -1.5     
   0.1     
   1       
  -1.5     
  -0.1     
   1       
  -1.5     

QFRC_APPLIED
   0       
   0       
   0       
   0       
   0       
   0       
   0       
   0       
   0       
   0       
   0       
   0       
   0       
   0       
   0       
   0       
   0       
   0       

XFRC_APPLIED
   0         0         0         0         0         0       
   0         0         0         0         0         0       
   0         0         0         0         0         0       
   0         0         0         0         0         0       
   0         0         0         0         0         0       
   0         0         0         0         0         0       
   0         0         0         0         0         0       
   0         0         0         0         0         0       
   0         0         0         0         0         0       
   0         0         0         0         0         0       
   0         0         0         0         0         0       
   0         0         0         0         0         0       
   0         0         0         0         0         0       
   0         0         0         0         0         0       
   0         0         0         0         0         0       
   0         0         0         0         0         0       
   0         0         0         0         0         0       
   0         0         0         0         0         0       

QACC
  -2.4e-08 
   2.5e-08 
  -1.3e-07 
   4.9e-07 
  -6.1e-07 
   6.7e-08 
  -8.3e-07 
   1.2e-09 
   1.4e-09 
  -9.9e-07 
   1.9e-09 
  -6.3e-10 
   1.6e-06 
   1.3e-08 
  -7.7e-09 
  -3e-06   
   1.6e-08 
  -9.8e-09 

SENSOR
   0.66    
   3.5     
  -2.7     
  -0.68    
   3.5     
  -2.7     
   0.14    
   4.5     
  -2.7     
  -0.15    
   4.5     
  -2.7     
  -0.00019 
  -3.4e-08 
   3.9e-08 
   1.8e-05 
  -3.6e-08 
   5.7e-08 
  -0.00082 
   9.6e-09 
  -6.8e-08 
   0.00069 
   8.9e-09 
  -6.6e-08 
   0.1     
   0.8     
  -1.5     
  -0.1     
   0.8     
  -1.5     
   0.1     
   1       
  -1.5     
  -0.1     
   1       
  -1.5     
   1       
   0.002   
  -0.049   
   5e-05   
   4.5e-05 
  -0.00016 
   5.9e-06 
   0.96    
   0.039   
   9.8     
  -0.052   
   0.00021 
   0.12    
  -1.6e-05 
   4.9e-07 
  -4.2e-05 

TREE_ASLEEP
  -11

XPOS
   0         0         0       
  -0.022     0.00038   0.08    
   0.17      0.047     0.099   
   0.18      0.12      0.04    
   0.23      0.25      0.2     
   0.098     0.15      0.069   
   0.17     -0.046     0.098   
   0.18     -0.12      0.04    
   0.23     -0.24      0.2     
   0.098    -0.15      0.069   
  -0.21      0.047     0.061   
  -0.21      0.14      0.047   
  -0.0082    0.15      0.1     
  -0.22      0.15      0.13    
  -0.21     -0.046     0.061   
  -0.21     -0.14      0.047   
  -0.0082   -0.15      0.1     
  -0.22     -0.15      0.13    

XQUAT
   1         0         0         0       
   1         0.002    -0.049     5e-05   
   0.94     -0.33     -0.046    -0.016   
  -0.12      0.073     0.94     -0.32    
   0.89     -0.3       0.31     -0.14    
   0.89     -0.3       0.31     -0.14    
   0.94      0.33     -0.046     0.016   
  -0.12     -0.072     0.94      0.32    
   0.89      0.3       0.31      0.14    
   0.89      0.3       0.31      0.14    
   1        -0.075    -0.049    -0.0037  
  -0.6       0.051     0.79     -0.055   
   0.65     -0.043     0.75     -0.061   
   0.65     -0.043     0.75     -0.061   
   1         0.073    -0.049     0.0035  
  -0.6      -0.05      0.79      0.054   
   0.65      0.042     0.75      0.06    
   0.65      0.042     0.75      0.06    

XMAT
   1         0         0         0         1         0         0         0         1       
   1        -0.00029  -0.097    -9.3e-05   1        -0.004     0.097     0.004     1       
   1         0.061    -0.076    -9.3e-05   0.78      0.62      0.097    -0.62      0.78    
  -0.96      0.061    -0.27      0.21      0.78     -0.59      0.18     -0.62     -0.76    
   0.77      0.061     0.64     -0.43      0.78      0.45     -0.47     -0.62      0.63    
   0.77      0.061     0.64     -0.43      0.78      0.45     -0.47     -0.62      0.63    
   1        -0.06     -0.077    -9.3e-05   0.79     -0.62      0.097     0.61      0.78    
  -0.96     -0.06     -0.27     -0.21      0.79      0.58      0.18      0.61     -0.77    
   0.77     -0.06      0.63      0.43      0.79     -0.44     -0.47      0.61      0.63    
   0.77     -0.06      0.63      0.43      0.79     -0.44     -0.47      0.61      0.63    
   1         0.015    -0.096    -9.3e-05   0.99      0.15      0.097    -0.15      0.98    
  -0.27      0.015    -0.96      0.15      0.99     -0.026     0.95     -0.15     -0.27    
  -0.15      0.015     0.99     -0.15      0.99     -0.036    -0.98     -0.15     -0.14    
  -0.15      0.015     0.99     -0.15      0.99     -0.036    -0.98     -0.15     -0.14    
   1        -0.014    -0.096    -9.3e-05   0.99     -0.15      0.097     0.14      0.98    
  -0.27     -0.014    -0.96     -0.14      0.99      0.025     0.95      0.14     -0.27    
  -0.15     -0.014     0.99      0.14      0.99      0.035    -0.98      0.14     -0.14    
  -0.15     -0.014     0.99      0.14      0.99      0.035    -0.98      0.14     -0.14    

XIPOS
   0         0         0       
  -0.00079   0.0004    0.077   
   0.16      0.048     0.097   
   0.19      0.12      0.078   
   0.15      0.18      0.11    
  -0.037     0.055    -0.065   
   0.16     -0.048     0.097   
   0.19     -0.12      0.078   
   0.15     -0.18      0.11    
  -0.037    -0.055    -0.066   
  -0.21      0.049     0.061   
  -0.18      0.12      0.055   
  -0.15      0.15      0.12    
  -0.43      0.16      0.16    
  -0.21     -0.048     0.061   
  -0.18     -0.12      0.055   
  -0.15     -0.15      0.12    
  -0.43     -0.16      0.16    

XIMAT
   1         0         0         0         1         0         0         0         1       
  -0.08     -0.0011    1        -0.0072   -1        -0.0017    1        -0.0073    0.08    
   0.054    -0.066     1         0.78      0.63     -0.00019  -0.62      0.78      0.085   
  -0.35      0.87     -0.33      0.72      0.03     -0.69     -0.59     -0.49     -0.64    
   0.074    -0.77      0.63      0.78      0.44      0.44     -0.62      0.46      0.64    
   0.77      0.061     0.64     -0.43      0.78      0.45     -0.47     -0.62      0.63    
  -0.053    -0.067     1         0.78     -0.62     -8.3e-05   0.62      0.78      0.085   
   0.35      0.87     -0.33      0.73     -0.034     0.69      0.59     -0.49     -0.65    
  -0.073    -0.77      0.63      0.79     -0.43     -0.44      0.61      0.46      0.64    
   0.77     -0.06      0.63      0.43      0.79     -0.44     -0.47      0.61      0.63    
   0.023    -0.11      0.99      0.99      0.15     -0.006    -0.15      0.98      0.11    
  -0.21      0.14     -0.97      0.96      0.23     -0.18      0.2      -0.96     -0.18    
   0.022     0.14      0.99      0.99      0.16     -0.044    -0.16      0.98     -0.14    
  -0.15      0.015     0.99     -0.15      0.99     -0.036    -0.98     -0.15     -0.14    
  -0.022    -0.11      0.99      0.99     -0.15      0.0059    0.15      0.98      0.11    
   0.21      0.14     -0.97      0.95     -0.24      0.18     -0.21     -0.96     -0.18    
  -0.021     0.14      0.99      0.99     -0.15      0.043     0.16      0.98     -0.14    
  -0.15     -0.014     0.99      0.14      0.99      0.035    -0.98      0.14     -0.14    

XANCHOR
  -0.022     0.00038   0.08    
   0.17      0.047     0.099   
   0.18      0.12      0.04    
   0.23      0.25      0.2     
   0.17     -0.046     0.098   
   0.18     -0.12      0.04    
   0.23     -0.24      0.2     
  -0.21      0.047     0.061   
  -0.21      0.14      0.047   
  -0.0082    0.15      0.1     
  -0.21     -0.046     0.061   
  -0.21     -0.14      0.047   
  -0.0082   -0.15      0.1     

XAXIS
   0         0         1       
   1        -9.3e-05   0.097   
   0.061     0.78     -0.62    
   0.061     0.78     -0.62    
   1        -9.3e-05   0.097   
  -0.06      0.79      0.61    
  -0.06      0.79      0.61    
   1        -9.3e-05   0.097   
   0.015     0.99     -0.15    
   0.015     0.99     -0.15    
   1        -9.3e-05   0.097   
  -0.014     0.99      0.14    
  -0.014     0.99      0.14    

GEOM_XPOS
   0         0         0       
   1.2       0         0.04    
   1.6       0         0.04    
   2.3       0         0.02    
   2.6       0         0.02    
   2.8       0         0.02    
   3         0         0.02    
   3.2       0         0.02    
   3.4       0         0.02    
   0.27      0.00034   0.047   
   0.27      0.00037   0.049   
   0.3      -1.3e-05   0.14    
   0.032     0.0081    0.12    
   0.055    -0.00022   0.087   
  -0.022     0.00038   0.08    
   0.26      0.00031   0.12    
   0.28      0.00059   0.049   
   0.15      0.044     0.099   
   0.15      0.055     0.091   
   0.17      0.11      0.049   
   0.19      0.13      0.081   
   0.18      0.097     0.045   
   0.2       0.18      0.12    
   0.16      0.19      0.12    
   0.09      0.15      0.068   
   0.2       0.22      0.16    
   0.15      0.17      0.1     
   0.09      0.15      0.068   
   0.097     0.15      0.07    
   0.15     -0.043     0.099   
   0.15     -0.054     0.091   
   0.17     -0.11      0.049   
   0.19     -0.13      0.081   
   0.18     -0.097     0.045   
   0.2      -0.18      0.12    
   0.16     -0.19      0.12    
   0.09     -0.15      0.068   
   0.2      -0.21      0.16    
   0.15     -0.17      0.1     
   0.09     -0.15      0.068   
   0.096    -0.15      0.07    
  -0.2       0.043     0.064   
  -0.2       0.057     0.061   
  -0.21      0.13      0.049   
  -0.17      0.13      0.057   
  -0.22      0.12      0.043   
  -0.11      0.14      0.075   
  -0.13      0.15      0.11    
  -0.22      0.16      0.14    
  -0.069     0.15      0.1     
  -0.16      0.15      0.1     
  -0.22      0.16      0.14    
  -0.22      0.15      0.14    
  -0.2      -0.042     0.063   
  -0.2      -0.056     0.061   
  -0.21     -0.13      0.049   
  -0.17     -0.12      0.057   
  -0.22     -0.12      0.043   
  -0.11     -0.14      0.075   
  -0.13     -0.15      0.11    
  -0.22     -0.15      0.14    
  -0.069    -0.15      0.1     
  -0.16     -0.15      0.11    
  -0.22     -0.15      0.14    
  -0.22     -0.15      0.14    

GEOM_XMAT
   1         0         0         0         1         0         0         0         1       
   1         0         0         0         1         0         0         0         1       
   1         0         0         0         1         0         0         0         1       
   1         0         0         0         1         0         0         0         1       
   1         0         0         0         1         0         0         0         1       
   1         0         0         0         1         0         0         0         1       
   1         0         0         0         1         0         0         0         1       
   1         0         0         0         1         0         0         0         1       
   1         0         0         0         1         0         0         0         1       
  -0.35     -0.94      0.00096  -0.0057    0.0011   -1         0.94     -0.35     -0.0057  
  -0.35     -0.94      0.00051  -0.0044    0.0011   -1         0.94     -0.35     -0.0045  
   0.99     -0.00029  -0.14     -0.00028   1        -0.004     0.14      0.004     0.99    
  -0.11      0.014     0.99      0.0039   -1         0.014     0.99      0.0055    0.11    
  -0.14     -0.0014    0.99     -0.017    -1        -0.0039    0.99     -0.017     0.14    
   1        -0.00029  -0.097    -9.3e-05   1        -0.004     0.097     0.004     1       
   1        -0.00029  -0.097    -9.3e-05   1        -0.004     0.097     0.004     1       
   1        -0.00029  -0.097    -9.3e-05   1        -0.004     0.097     0.004     1       
   0.11     -0.073     0.99      0.78      0.62     -0.043    -0.61      0.78      0.13    
  -0.3      -0.075     0.95      0.73      0.62      0.28     -0.61      0.78     -0.13    
   1        -0.076    -0.061    -9.3e-05   0.62     -0.78      0.097     0.78      0.62    
  -0.086     0.94     -0.33      0.72     -0.17     -0.67     -0.69     -0.3      -0.66    
   0.13      0.87     -0.48     -0.97      0.013    -0.24     -0.21      0.5       0.84    
   0.27      0.061    -0.96      0.59      0.78      0.21      0.76     -0.62      0.18    
   0.049    -0.8       0.6       0.79      0.4       0.46     -0.61      0.45      0.65    
   0.95     -0.061     0.31      0.15     -0.78     -0.6       0.28      0.62     -0.73    
   0.89      0.061     0.46     -0.33      0.78      0.53     -0.33     -0.62      0.71    
   0.74      0.061     0.67     -0.45      0.78      0.43     -0.5      -0.62      0.6     
   0.95     -0.061     0.31      0.15     -0.78     -0.6       0.28      0.62     -0.73    
   0.77      0.061     0.64     -0.43      0.78      0.45     -0.47     -0.62      0.63    
   0.11      0.08      0.99     -0.79      0.62      0.039    -0.61     -0.78      0.13    
  -0.3       0.078     0.95     -0.73      0.62     -0.29     -0.61     -0.78     -0.13    
   1        -0.077     0.06     -9.3e-05  -0.62     -0.79      0.097     0.78     -0.61    
   0.087     0.94     -0.33      0.73      0.17      0.67      0.68     -0.3      -0.67    
   0.13      0.87      0.48      0.97     -0.01     -0.25     -0.21      0.5      -0.84    
   0.27     -0.06     -0.96     -0.58      0.79     -0.21      0.77      0.61      0.18    
  -0.048    -0.8       0.6       0.8      -0.4      -0.46      0.6       0.46      0.65    
   0.95      0.06      0.31     -0.15     -0.79      0.6       0.28     -0.61     -0.74    
   0.88     -0.06      0.47      0.33      0.79     -0.52     -0.34      0.61      0.71    
   0.74     -0.06      0.67      0.45      0.79     -0.42     -0.5       0.61      0.61    
   0.95      0.06      0.31     -0.15     -0.79      0.6       0.28     -0.61     -0.74    
   0.77     -0.06      0.63      0.43      0.79     -0.44     -0.47      0.61      0.63    
  -0.038     0.093    -0.99      0.99     -0.15     -0.051    -0.15     -0.98     -0.086   
   0.37      0.095    -0.92      0.92     -0.15      0.36     -0.1      -0.98     -0.14    
   1        -0.096    -0.015    -9.3e-05   0.15     -0.99      0.097     0.98      0.15    
  -0.14      0.19     -0.97      0.99     -0.043    -0.15     -0.07     -0.98     -0.18    
  -0.57      0.79      0.2      -0.69     -0.34     -0.64     -0.44     -0.51      0.74    
   0.96      0.015    -0.27      0.026     0.99      0.15      0.27     -0.15      0.95    
   0.019     0.1       0.99      0.99      0.13     -0.033    -0.13      0.99     -0.1     
   0.76     -0.015    -0.65     -0.11     -0.99     -0.1      -0.64      0.15     -0.75    
   0.054     0.015     1        -0.15      0.99     -0.0064   -0.99     -0.15      0.056   
  -0.19      0.015     0.98     -0.14      0.99     -0.043    -0.97     -0.15     -0.19    
   0.76     -0.015    -0.65     -0.11     -0.99     -0.1      -0.64      0.15     -0.75    
  -0.15      0.015     0.99     -0.15      0.99     -0.036    -0.98     -0.15     -0.14    
  -0.038    -0.1      -0.99     -0.99     -0.15      0.052    -0.15      0.98     -0.093   
   0.37     -0.098    -0.92     -0.92     -0.15     -0.36     -0.1       0.98     -0.14    
   1        -0.096     0.014    -9.3e-05  -0.15     -0.99      0.097     0.98     -0.14    
   0.14      0.19     -0.97      0.99      0.038     0.15      0.066    -0.98     -0.18    
  -0.57      0.79     -0.2       0.69      0.33     -0.65     -0.45     -0.51     -0.74    
   0.96     -0.014    -0.27     -0.025     0.99     -0.14      0.27      0.14      0.95    
  -0.019     0.1       0.99      0.99     -0.13      0.032     0.13      0.99     -0.1     
   0.76      0.014    -0.65      0.1      -0.99      0.1      -0.64     -0.14     -0.75    
   0.054    -0.014     1         0.15      0.99      0.0061   -0.99      0.14      0.056   
  -0.19     -0.014     0.98      0.14      0.99      0.042    -0.97      0.14     -0.19    
   0.76      0.014    -0.65      0.1      -0.99      0.1      -0.64     -0.14     -0.75    
  -0.15     -0.014     0.99      0.14      0.99      0.035    -0.98      0.14     -0.14    

SITE_XPOS
  -0.052     0.00021   0.12    

SITE_XMAT
   1        -0.00029  -0.097    -9.3e-05   1        -0.004     0.097     0.004     1       

LIGHT_XPOS
   0         0         1.5     

LIGHT_XDIR
   0         0        -1       

SUBTREE_COM
  -0.0035    0.00038   0.076   
  -0.0035    0.00038   0.076   
   0.18      0.1       0.088   
   0.18      0.13      0.084   
   0.15      0.18      0.11    
  -0.037     0.055    -0.065   
   0.18     -0.1       0.088   
   0.18     -0.13      0.084   
   0.15     -0.18      0.11    
  -0.037    -0.055    -0.066   
  -0.19      0.1       0.065   
  -0.18      0.12      0.066   
  -0.15      0.15      0.12    
  -0.43      0.16      0.16    
  -0.19     -0.099     0.064   
  -0.18     -0.12      0.066   
  -0.15     -0.15      0.12    
  -0.43     -0.16      0.16    

CDOF
   0         0         0         1         0         0       
   0         0         0         0         1         0       
   0         0         0         0         0         1       
   1        -9.3e-05   0.097     5.8e-07   0.0053   -9.2e-07 
  -0.00029   1         0.004    -0.0034    7.4e-05  -0.019   
  -0.097    -0.004     1         1.6e-05   0.018     7.5e-05 
   1        -9.3e-05   0.097     0.0045    0.0054   -0.046   
   0.061     0.78     -0.62     -0.046     0.11      0.13    
   0.061     0.78     -0.62     -0.25      0.15      0.17    
   1        -9.3e-05   0.097    -0.0045    0.0051    0.046   
  -0.06      0.79      0.61     -0.046    -0.11      0.13    
  -0.06      0.79      0.61     -0.25     -0.15      0.17    
   1        -9.3e-05   0.097     0.0045    0.0054   -0.046   
   0.015     0.99     -0.15      0.0081   -0.032    -0.21    
   0.015     0.99     -0.15     -0.049    -0.0003   -0.0068  
   1        -9.3e-05   0.097    -0.0045    0.0051    0.046   
  -0.014     0.99      0.14      0.0087    0.031    -0.21    
  -0.014     0.99      0.14     -0.048     0.0003   -0.0067  

CINERT
   0         0         0         0         0         0         0         0         0         0       
   0.025     0.098     0.11      0.00013  -0.0065   -5.5e-05   0.019     0.00015   0.0011    6.9     
   0.0023    0.02      0.021    -0.0055   -0.0024   -0.00081   0.11      0.033     0.014     0.68    
   0.022     0.045     0.063    -0.028    -0.0014   -0.0025    0.22      0.14      0.0017    1.2     
   0.0089    0.0071    0.014    -0.007    -0.0018   -0.0019    0.037     0.043     0.0084    0.24    
   0         0         0         0         0         0        -0         0        -0         0       
   0.0023    0.02      0.021     0.0055   -0.0023    0.0008    0.11     -0.033     0.014     0.68    
   0.023     0.045     0.063     0.028    -0.0014    0.0025    0.22     -0.14      0.0019    1.2     
   0.0089    0.0071    0.014     0.0069   -0.0019    0.0019    0.037    -0.043     0.0085    0.24    
   0         0         0         0         0         0        -0        -0        -0         0       
   0.0022    0.03      0.031     0.0068   -0.0021    0.00045  -0.14      0.033    -0.01      0.68    
   0.018     0.043     0.058     0.024    -0.0052    0.0027   -0.2       0.14     -0.024     1.2     
   0.0059    0.007     0.012     0.0053    0.0016   -0.0015   -0.035     0.036     0.0099    0.24    
   0         0         0         0         0         0        -0         0         0         0       
   0.0022    0.03      0.031    -0.0068   -0.0022   -0.00046  -0.14     -0.033    -0.01      0.68    
   0.018     0.043     0.058    -0.024    -0.0052   -0.0028   -0.2      -0.14     -0.024     1.2     
   0.0059    0.007     0.012    -0.0053    0.0016    0.0015   -0.035    -0.036     0.0099    0.24    
   0         0         0         0         0         0        -0        -0         0         0       

ACTUATOR_LENGTH
   0.66    
   3.5     
  -2.7     
  -0.68    
   3.5     
  -2.7     
   0.14    
   4.5     
  -2.7     
  -0.15    
   4.5     
  -2.7     

actuator_moment
--------------------
          x         |
           x        |
            x       |
       x            |
        x           |
         x          |
                x   |
                 x  |
                  x |
             x      |
              x     |
               x    |
--------------------

ACTUATOR_MOMENT
     9:  1       
    10:  1       
    11:  1       
     6:  1       
     7:  1       
     8:  1       
    15:  1       
    16:  1       
    17:  1       
    12:  1       
    13:  1       
    14:  1       

CRB
   0         0         0         0         0         0         0         0         0         0       
   0.14      0.4       0.51      0.00016  -0.029    -3.7e-05   0         8.3e-17   7.6e-17   15      
   0.034     0.073     0.099    -0.04     -0.0056   -0.0052    0.37      0.22      0.024     2.1     
   0.031     0.052     0.077    -0.035    -0.0032   -0.0044    0.26      0.18      0.01      1.4     
   0.0089    0.0071    0.014    -0.007    -0.0018   -0.0019    0.037     0.043     0.0084    0.24    
   0         0         0         0         0         0        -0         0        -0         0       
   0.034     0.073     0.098     0.04     -0.0056    0.0052    0.37     -0.22      0.024     2.1     
   0.031     0.052     0.077     0.035    -0.0033    0.0044    0.26     -0.18      0.01      1.4     
   0.0089    0.0071    0.014     0.0069   -0.0019    0.0019    0.037    -0.043     0.0085    0.24    
   0         0         0         0         0         0        -0        -0        -0         0       
   0.026     0.079     0.1       0.036    -0.0057    0.0017   -0.38      0.21     -0.024     2.1     
   0.024     0.05      0.07      0.029    -0.0035    0.0012   -0.24      0.17     -0.014     1.4     
   0.0059    0.007     0.012     0.0053    0.0016   -0.0015   -0.035     0.036     0.0099    0.24    
   0         0         0         0         0         0        -0         0         0         0       
   0.026     0.079     0.1      -0.036    -0.0057   -0.0017   -0.38     -0.21     -0.025     2.1     
   0.024     0.05      0.07     -0.029    -0.0036   -0.0013   -0.24     -0.17     -0.014     1.4     
   0.0059    0.007     0.012    -0.0053    0.0016    0.0015   -0.035    -0.036     0.0099    0.24    
   0         0         0         0         0         0        -0        -0         0         0       

QM
   15      
   0         15      
   0         0         15      
   8.8e-06   0.08     -1.4e-05   0.14    
  -0.052     0.0011   -0.29      0.00017   0.41    
   0.00025   0.28      0.0011    0.008     0.00037   0.51    
  -0.012     0.023     0.12      0.023    -0.026     0.0034    0.028   
   0.057    -0.0075   -0.0038   -0.0016    0.0069   -0.015    -0.0011    0.021   
  -0.027     0.014     0.015     0.003    -0.0022    0.0061    0.0021   -0.00045   0.016   
   0.012     0.023    -0.12      0.023     0.026     0.003                                   0.028   
   0.057     0.0074   -0.0039    0.0016    0.007     0.015                                   0.0011    0.021   
  -0.027    -0.014     0.015    -0.003    -0.0023   -0.0061                                 -0.0021   -0.00045   0.016   
  -0.011    -0.0014    0.11      0.016     0.016    -0.00041                                                               0.021   
   0.023    -0.0082   -0.052    -0.0077   -0.00013  -0.0025                                                               -0.0052    0.021   
   0.0035    0.005     0.034     0.0047    0.0059   -0.0019                                                                0.0032   -0.00045   0.016   
   0.011    -0.0018   -0.11      0.016    -0.016    -0.00022                                                                                             0.021   
   0.023     0.008    -0.052     0.0077   -0.00011   0.0025                                                                                              0.0052    0.021   
   0.0035   -0.0049    0.034    -0.0047    0.0059    0.0018                                                                                             -0.0032   -0.00045   0.016   

M
     0:  15      
     0:  0          1:  15      
     0:  0          1:  0          2:  15      
     0:  8.8e-06    1:  0.08       2: -1.4e-05    3:  0.14    
     0: -0.052      1:  0.0011     2: -0.29       3:  0.00017    4:  0.41    
     0:  0.00025    1:  0.28       2:  0.0011     3:  0.008      4:  0.00037    5:  0.51    
     0: -0.012      1:  0.023      2:  0.12       3:  0.023      4: -0.026      5:  0.0034     6:  0.028   
     0:  0.057      1: -0.0075     2: -0.0038     3: -0.0016     4:  0.0069     5: -0.015      6: -0.0011     7:  0.021   
     0: -0.027      1:  0.014      2:  0.015      3:  0.003      4: -0.0022     5:  0.0061     6:  0.0021     7: -0.00045    8:  0.016   
     0:  0.012      1:  0.023      2: -0.12       3:  0.023      4:  0.026      5:  0.003      9:  0.028   
     0:  0.057      1:  0.0074     2: -0.0039     3:  0.0016     4:  0.007      5:  0.015      9:  0.0011    10:  0.021   
     0: -0.027      1: -0.014      2:  0.015      3: -0.003      4: -0.0023     5: -0.0061     9: -0.0021    10: -0.00045   11:  0.016   
     0: -0.011      1: -0.0014     2:  0.11       3:  0.016      4:  0.016      5: -0.00041   12:  0.021   
     0:  0.023      1: -0.0082     2: -0.052      3: -0.0077     4: -0.00013    5: -0.0025    12: -0.0052    13:  0.021   
     0:  0.0035     1:  0.005      2:  0.034      3:  0.0047     4:  0.0059     5: -0.0019    12:  0.0032    13: -0.00045   14:  0.016   
     0:  0.011      1: -0.0018     2: -0.11       3:  0.016      4: -0.016      5: -0.00022   15:  0.021   
     0:  0.023      1:  0.008      2: -0.052      3:  0.0077     4: -0.00011    5:  0.0025    15:  0.0052    16:  0.021   
     0:  0.0035     1: -0.0049     2:  0.034      3: -0.0047     4:  0.0059     5:  0.0018    15: -0.0032    16: -0.00045   17:  0.016   

QLD
     0:  15      
     0:  6.6e-05    1:  15      
     0:  0.016      1: -0.00045    2:  13      
     0: -0.00024    1:  0.47       2:  0.0037     3:  0.077   
     0: -0.3        1:  0.0032     2: -0.69       3:  0.0003     4:  0.33    
     0:  0.0013     1:  0.53       2:  0.0011     3:  0.002      4:  0.0015     5:  0.49    
     0: -0.19       1:  0.77       2:  4.3        3:  0.83       4: -0.91       5:  0.065      6:  0.027   
     0:  2.7        1: -0.34       2: -0.16       3: -0.071      4:  0.33       5: -0.71       6: -0.051      7:  0.021   
     0: -1.7        1:  0.86       2:  0.92       3:  0.18       4: -0.14       5:  0.37       6:  0.13       7: -0.028      8:  0.016   
     0:  0.19       1:  0.74       2: -4.3        3:  0.84       4:  0.91       5:  0.052      9:  0.027   
     0:  2.7        1:  0.34       2: -0.17       3:  0.071      4:  0.34       5:  0.71       9:  0.051     10:  0.021   
     0: -1.7        1: -0.85       2:  0.93       3: -0.18       4: -0.14       5: -0.37       9: -0.13      10: -0.028     11:  0.016   
     0: -0.3        1: -0.23       2:  4.7        3:  0.7        4:  0.77       5: -0.036     12:  0.019   
     0:  1.1        1: -0.39       2: -2.5        3: -0.37       4:  0.0014     5: -0.12      12: -0.25      13:  0.021   
     0:  0.21       1:  0.31       2:  2.1        3:  0.29       4:  0.36       5: -0.11      12:  0.2       13: -0.028     14:  0.016   
     0:  0.3        1: -0.24       2: -4.7        3:  0.7        4: -0.77       5: -0.026     15:  0.019   
     0:  1.1        1:  0.38       2: -2.5        3:  0.37       4:  0.0024     5:  0.12      15:  0.25      16:  0.021   
     0:  0.21       1: -0.3        2:  2.1        3: -0.29       4:  0.36       5:  0.11      15: -0.2       16: -0.028     17:  0.016   

QLDIAGINV
   0.068   
   0.067   
   0.078   
   13      
   3       
   2.1     
   36      
   48      
   61      
   36      
   48      
   61      
   52      
   48      
   61      
   52      
   48      
   61      

M: inertia structure
--------------------
 x                  |
 xx                 |
 xxx                |
 xxxx               |
 xxxxx              |
 xxxxxx             |
 xxxxxxx            |
 xxxxxxxx           |
 xxxxxxxxx          |
 xxxxxx   x         |
 xxxxxx   xx        |
 xxxxxx   xxx       |
 xxxxxx      x      |
 xxxxxx      xx     |
 xxxxxx      xxx    |
 xxxxxx         x   |
 xxxxxx         xx  |
 xxxxxx         xxx |
--------------------

iM: block-diagonal inertia (nnzs are island ids)
--------------------
 0                  |
 00                 |
 000                |
 0000               |
 00000              |
 000000             |
 0000000            |
 00000000           |
 000000000          |
 000000   0         |
 000000   00        |
 000000   000       |
 000000      0      |
 000000      00     |
 000000      000    |
 000000         0   |
 000000         00  |
 000000         000 |
--------------------

QH
     0:  15      
     0:  6.5e-05    1:  15      
     0:  0.015      1: -0.00044    2:  13      
     0: -0.00023    1:  0.47       2:  0.0036     3:  0.078   
     0: -0.3        1:  0.0032     2: -0.69       3:  0.0003     4:  0.33    
     0:  0.0013     1:  0.53       2:  0.0011     3:  0.0021     4:  0.0015     5:  0.49    
     0: -0.19       1:  0.76       2:  4.2        3:  0.82       4: -0.89       5:  0.066      6:  0.028   
     0:  2.7        1: -0.33       2: -0.16       3: -0.069      4:  0.32       5: -0.7        6: -0.05       7:  0.021   
     0: -1.6        1:  0.84       2:  0.9        3:  0.18       4: -0.13       5:  0.36       6:  0.13       7: -0.027      8:  0.017   
     0:  0.19       1:  0.73       2: -4.2        3:  0.82       4:  0.89       5:  0.052      9:  0.028   
     0:  2.7        1:  0.33       2: -0.16       3:  0.07       4:  0.33       5:  0.69       9:  0.05      10:  0.021   
     0: -1.6        1: -0.83       2:  0.9        3: -0.18       4: -0.14       5: -0.36       9: -0.13      10: -0.027     11:  0.017   
     0: -0.29       1: -0.22       2:  4.6        3:  0.68       4:  0.75       5: -0.035     12:  0.02    
     0:  1.1        1: -0.38       2: -2.4        3: -0.36       4:  0.0011     5: -0.12      12: -0.24      13:  0.021   
     0:  0.21       1:  0.3        2:  2          3:  0.28       4:  0.35       5: -0.11      12:  0.19      13: -0.027     14:  0.017   
     0:  0.29       1: -0.23       2: -4.6        3:  0.68       4: -0.75       5: -0.025     15:  0.02    
     0:  1.1        1:  0.37       2: -2.4        3:  0.36       4:  0.0021     5:  0.12      15:  0.24      16:  0.021   
     0:  0.21       1: -0.29       2:  2          3: -0.28       4:  0.35       5:  0.11      15: -0.19      16: -0.027     17:  0.017   

QHDIAGINV
   0.068   
   0.067   
   0.078   
   13      
   3       
   2.1     
   36      
   47      
   59      
   36      
   47      
   59      
   51      
   47      
   59      
   51      
   47      
   59      

TREE_AWAKE
  1

BODY_AWAKE
  -1 1 1 1 1 1 1 1 1 1 1 1 1 1 1 1 1 1

BODY_AWAKE_IND
  0 1 2 3 4 5 6 7 8 9 10 11 12 13 14 15 16 17

PARENT_AWAKE_IND
  1 2 3 4 5 6 7 8 9 10 11 12 13 14 15 16 17

DOF_AWAKE_IND
  0 1 2 3 4 5 6 7 8 9 10 11 12 13 14 15 16 17

CONTACT
  0:
     dim           3
     geoms         floor : 19
     exclude       0
     efc_address   20
     solref         0.02      1       
     solimp         0.9       0.95      0.001     0.5       2       
     dist           0.00078 
     includemargin  0.001   
     pos            0.17      0.097     0.00039 
     frame          0         0         1         0         1         0        -1         0         0       
     friction       1         1         0.005     0.0001    0.0001  
     mu             0.1     
     force          40       -7.4       1.9       0         0         0       
  1:
     dim           3
     geoms         floor : 31
     exclude       0
     efc_address   23
     solref         0.02      1       
     solimp         0.9       0.95      0.001     0.5       2       
     dist           0.00078 
     includemargin  0.001   
     pos            0.17     -0.097     0.00039 
     frame          0         0         1         0         1         0        -1         0         0       
     friction       1         1         0.005     0.0001    0.0001  
     mu             0.1     
     force          41        7.9       2.7       0         0         0       
  2:
     dim           3
     geoms         floor : 43
     exclude       0
     efc_address   26
     solref         0.02      1       
     solimp         0.9       0.95      0.001     0.5       2       
     dist           0.00079 
     includemargin  0.001   
     pos           -0.21      0.14      0.0004  
     frame          0         0         1         0         1         0        -1         0         0       
     friction       1         1         0.005     0.0001    0.0001  
     mu             0.1     
     force          34       -32       -2.8       0         0         0       
  3:
     dim           3
     geoms         floor : 55
     exclude       0
     efc_address   29
     solref         0.02      1       
     solimp         0.9       0.95      0.001     0.5       2       
     dist           0.0008  
     includemargin  0.001   
     pos           -0.21     -0.14      0.0004  
     frame          0         0         1         0         1         0        -1         0         0       
     friction       1         1         0.005     0.0001    0.0001  
     mu             0.1     
     force          34        31       -1.8       0         0         0       

EFC_TYPE
  1
  1
  1
  1
  1
  1
  1
  1
  1
  1
  1
  1
  3
  3
  3
  3
  3
  3
  3
  3
  7
  7
  7
  7
  7
  7
  7
  7
  7
  7
  7
  7

EFC_ID
  6
  7
  8
  9
  10
  11
  12
  13
  14
  15
  16
  17
  2
  3
  5
  6
  8
  9
  11
  12
  0
  0
  0
  1
  1
  1
  2
  2
  2
  3
  3
  3

EFC_J
   0         0         0         0         0         0         1         0         0         0         0         0         0         0         0         0         0         0       
   0         0         0         0         0         0         0         1         0         0         0         0         0         0         0         0         0         0       
   0         0         0         0         0         0         0         0         1         0         0         0         0         0         0         0         0         0       
   0         0         0         0         0         0         0         0         0         1         0         0         0         0         0         0         0         0       
   0         0         0         0         0         0         0         0         0         0         1         0         0         0         0         0         0         0       
   0         0         0         0         0         0         0         0         0         0         0         1         0         0         0         0         0         0       
   0         0         0         0         0         0         0         0         0         0         0         0         1         0         0         0         0         0       
   0         0         0         0         0         0         0         0         0         0         0         0         0         1         0         0         0         0       
   0         0         0         0         0         0         0         0         0         0         0         0         0         0         1         0         0         0       
   0         0         0         0         0         0         0         0         0         0         0         0         0         0         0         1         0         0       
   0         0         0         0         0         0         0         0         0         0         0         0         0         0         0         0         1         0       
   0         0         0         0         0         0         0         0         0         0         0         0         0         0         0         0         0         1       
   0         0         0         0         0         0         0        -1         0         0         0         0         0         0         0         0         0         0       
   0         0         0         0         0         0         0         0         1         0         0         0         0         0         0         0         0         0       
   0         0         0         0         0         0         0         0         0         0        -1         0         0         0         0         0         0         0       
   0         0         0         0         0         0         0         0         0         0         0         1         0         0         0         0         0         0       
   0         0         0         0         0         0         0         0         0         0         0         0         0        -1         0         0         0         0       
   0         0         0         0         0         0         0         0         0         0         0         0         0         0         1         0         0         0       
   0         0         0         0         0         0         0         0         0         0         0         0         0         0         0         0        -1         0       
   0         0         0         0         0         0         0         0         0         0         0         0         0         0         0         0         0         1       
   0         0         1         0.096    -0.2      -0.0086    0.05      0         0         0         0         0         0         0         0         0         0         0       
   0         1         0         0.098     0.00075   0.19      0.098     0         0         0         0         0         0         0         0         0         0         0       
  -1         0         0         0.0094    0.08      0.096     0.0048    0         0         0         0         0         0         0         0         0         0         0       
   0         0         1        -0.097    -0.2       0.01      0         0         0        -0.05      0         0         0         0         0         0         0         0       
   0         1         0         0.098     0.00075   0.19      0         0         0         0.098     0         0         0         0         0         0         0         0       
  -1         0         0        -0.0095    0.079    -0.097     0         0         0        -0.0049    0         0         0         0         0         0         0         0       
   0         0         1         0.14      0.19     -0.014     0         0         0         0         0         0         0.092     0         0         0         0         0       
   0         1         0         0.06     -0.00078  -0.2       0         0         0         0         0         0         0.061     0         0         0         0         0       
  -1         0         0         0.013     0.08      0.14      0         0         0         0         0         0         0.009     0         0         0         0         0       
   0         0         1        -0.14      0.19      0.013     0         0         0         0         0         0         0         0         0        -0.092     0         0       
   0         1         0         0.06     -0.00078  -0.2       0         0         0         0         0         0         0         0         0         0.06      0         0       
  -1         0         0        -0.014     0.079    -0.14      0         0         0         0         0         0         0         0         0        -0.009     0         0       

IEFC_J
   0         0         0         0         0         0         1         0         0         0         0         0         0         0         0         0         0         0       
   0         0         0         0         0         0         0         1         0         0         0         0         0         0         0         0         0         0       
   0         0         0         0         0         0         0         0         1         0         0         0         0         0         0         0         0         0       
   0         0         0         0         0         0         0         0         0         1         0         0         0         0         0         0         0         0       
   0         0         0         0         0         0         0         0         0         0         1         0         0         0         0         0         0         0       
   0         0         0         0         0         0         0         0         0         0         0         1         0         0         0         0         0         0       
   0         0         0         0         0         0         0         0         0         0         0         0         1         0         0         0         0         0       
   0         0         0         0         0         0         0         0         0         0         0         0         0         1         0         0         0         0       
   0         0         0         0         0         0         0         0         0         0         0         0         0         0         1         0         0         0       
   0         0         0         0         0         0         0         0         0         0         0         0         0         0         0         1         0         0       
   0         0         0         0         0         0         0         0         0         0         0         0         0         0         0         0         1         0       
   0         0         0         0         0         0         0         0         0         0         0         0         0         0         0         0         0         1       
   0         0         0         0         0         0         0        -1         0         0         0         0         0         0         0         0         0         0       
   0         0         0         0         0         0         0         0         1         0         0         0         0         0         0         0         0         0       
   0         0         0         0         0         0         0         0         0         0        -1         0         0         0         0         0         0         0       
   0         0         0         0         0         0         0         0         0         0         0         1         0         0         0         0         0         0       
   0         0         0         0         0         0         0         0         0         0         0         0         0        -1         0         0         0         0       
   0         0         0         0         0         0         0         0         0         0         0         0         0         0         1         0         0         0       
   0         0         0         0         0         0         0         0         0         0         0         0         0         0         0         0        -1         0       
   0         0         0         0         0         0         0         0         0         0         0         0         0         0         0         0         0         1       
   0         0         1         0.096    -0.2      -0.0086    0.05      0         0         0         0         0         0         0         0         0         0         0       
   0         1         0         0.098     0.00075   0.19      0.098     0         0         0         0         0         0         0         0         0         0         0       
  -1         0         0         0.0094    0.08      0.096     0.0048    0         0         0         0         0         0         0         0         0         0         0       
   0         0         1        -0.097    -0.2       0.01      0         0         0        -0.05      0         0         0         0         0         0         0         0       
   0         1         0         0.098     0.00075   0.19      0         0         0         0.098     0         0         0         0         0         0         0         0       
  -1         0         0        -0.0095    0.079    -0.097     0         0         0        -0.0049    0         0         0         0         0         0         0         0       
   0         0         1         0.14      0.19     -0.014     0         0         0         0         0         0         0.092     0         0         0         0         0       
   0         1         0         0.06     -0.00078  -0.2       0         0         0         0         0         0         0.061     0         0         0         0         0       
  -1         0         0         0.013     0.08      0.14      0         0         0         0         0         0         0.009     0         0         0         0         0       
   0         0         1        -0.14      0.19      0.013     0         0         0         0         0         0         0         0         0        -0.092     0         0       
   0         1         0         0.06     -0.00078  -0.2       0         0         0         0         0         0         0         0         0         0.06      0         0       
  -1         0         0        -0.014     0.079    -0.14      0         0         0         0         0         0         0         0         0        -0.009     0         0       

EFC_POS
   0       
   0       
   0       
   0       
   0       
   0       
   0       
   0       
   0       
   0       
   0       
   0       
  -0.00063 
  -0.0026  
  -0.00063 
  -0.0026  
  -0.00089 
  -0.0029  
  -0.00089 
  -0.0029  
   0.00078 
   0       
   0       
   0.00078 
   0       
   0       
   0.00079 
   0       
   0       
   0.0008  
   0       
   0       

EFC_MARGIN
   0       
   0       
   0       
   0       
   0       
   0       
   0       
   0       
   0       
   0       
   0       
   0       
   0       
   0       
   0       
   0       
   0       
   0       
   0       
   0       
   0.001   
   0       
   0       
   0.001   
   0       
   0       
   0.001   
   0       
   0       
   0.001   
   0       
   0       

EFC_FRICTIONLOSS
   0.2     
   0.2     
   0.2     
   0.2     
   0.2     
   0.2     
   0.2     
   0.2     
   0.2     
   0.2     
   0.2     
   0.2     
   0       
   0       
   0       
   0       
   0       
   0       
   0       
   0       
   0       
   0       
   0       
   0       
   0       
   0       
   0       
   0       
   0       
   0       
   0       
   0       

EFC_DIAGAPPROX
   29      
   29      
   80      
   29      
   29      
   80      
   29      
   29      
   80      
   29      
   29      
   80      
   29      
   80      
   29      
   80      
   29      
   80      
   29      
   80      
   0.13    
   0.0013  
   0.0013  
   0.13    
   0.0013  
   0.0013  
   0.14    
   0.0014  
   0.0014  
   0.14    
   0.0014  
   0.0014  

EFC_KBIP
   0         1.1e+02   0.9       0       
   0         1.1e+02   0.9       0       
   0         1.1e+02   0.9       0       
   0         1.1e+02   0.9       0       
   0         1.1e+02   0.9       0       
   0         1.1e+02   0.9       0       
   0         1.1e+02   0.9       0       
   0         1.1e+02   0.9       0       
   0         1.1e+02   0.9       0       
   0         1.1e+02   0.9       0       
   0         1.1e+02   0.9       0       
   0         1.1e+02   0.9       0       
   2.8e+03   1.1e+02   0.94     -74      
   2.8e+03   1.1e+02   0.95      0       
   2.8e+03   1.1e+02   0.94     -74      
   2.8e+03   1.1e+02   0.95      0       
   2.8e+03   1.1e+02   0.95     -22      
   2.8e+03   1.1e+02   0.95      0       
   2.8e+03   1.1e+02   0.95     -22      
   2.8e+03   1.1e+02   0.95      0       
   2.8e+03   1.1e+02   0.9      -44      
   0         1.1e+02   0.9      -44      
   0         1.1e+02   0.9      -44      
   2.8e+03   1.1e+02   0.9      -45      
   0         1.1e+02   0.9      -45      
   0         1.1e+02   0.9      -45      
   2.8e+03   1.1e+02   0.9      -41      
   0         1.1e+02   0.9      -41      
   0         1.1e+02   0.9      -41      
   2.8e+03   1.1e+02   0.9      -41      
   0         1.1e+02   0.9      -41      
   0         1.1e+02   0.9      -41      

EFC_D
   0.31    
   0.32    
   0.11    
   0.31    
   0.32    
   0.11    
   0.31    
   0.31    
   0.11    
   0.31    
   0.31    
   0.11    
   0.51    
   0.24    
   0.51    
   0.24    
   0.65    
   0.24    
   0.65    
   0.24    
   73      
   7.3e+03 
   7.3e+03 
   73      
   7.3e+03 
   7.3e+03 
   66      
   6.6e+03 
   6.6e+03 
   66      
   6.6e+03 
   6.6e+03 

EFC_R
   3.2     
   3.2     
   8.9     
   3.2     
   3.2     
   8.9     
   3.2     
   3.2     
   8.9     
   3.2     
   3.2     
   8.9     
   1.9     
   4.2     
   1.9     
   4.2     
   1.5     
   4.2     
   1.5     
   4.2     
   0.014   
   0.00014 
   0.00014 
   0.014   
   0.00014 
   0.00014 
   0.015   
   0.00015 
   0.00015 
   0.015   
   0.00015 
   0.00015 

ACTUATOR_VELOCITY
  -0.00019 
  -3.4e-08 
   3.9e-08 
   1.8e-05 
  -3.6e-08 
   5.7e-08 
  -0.00082 
   9.6e-09 
  -6.8e-08 
   0.00069 
   8.9e-09 
  -6.6e-08 

CVEL
   0         0         0         0         0         0       
   4.4e-05  -0.00016   9.5e-06  -9e-06     2.8e-06  -3.4e-05 
   6.2e-05  -0.00016   1.1e-05  -9e-06     2.9e-06  -3.5e-05 
   6.2e-05  -0.00016   1.1e-05  -8.9e-06   2.9e-06  -3.5e-05 
   6.2e-05  -0.00016   1.1e-05  -9e-06     3e-06    -3.5e-05 
   6.2e-05  -0.00016   1.1e-05  -9e-06     3e-06    -3.5e-05 
  -0.00014  -0.00016  -8.6e-06  -8.2e-06   1.9e-06  -4.3e-05 
  -0.00014  -0.00016  -8.7e-06  -8.2e-06   1.9e-06  -4.3e-05 
  -0.00014  -0.00016  -8.6e-06  -8.2e-06   1.9e-06  -4.3e-05 
  -0.00014  -0.00016  -8.6e-06  -8.2e-06   1.9e-06  -4.3e-05 
   0.00073  -0.00016   7.6e-05  -5.9e-06   6.6e-06  -6.6e-05 
   0.00073  -0.00016   7.6e-05  -5.9e-06   6.6e-06  -6.6e-05 
   0.00073  -0.00016   7.6e-05  -5.9e-06   6.6e-06  -6.6e-05 
   0.00073  -0.00016   7.6e-05  -5.9e-06   6.6e-06  -6.6e-05 
  -0.00077  -0.00016  -7e-05    -5.3e-06  -1.3e-06  -7.2e-05 
  -0.00077  -0.00016  -7e-05    -5.3e-06  -1.3e-06  -7.2e-05 
  -0.00077  -0.00016  -7e-05    -5.3e-06  -1.3e-06  -7.2e-05 
  -0.00077  -0.00016  -7e-05    -5.3e-06  -1.3e-06  -7.2e-05 

CDOF_DOT
   0         0         0         0         0         0       
   0         0         0         0         0         0       
   0         0         0         0         0         0       
   0         0        -0         2.4e-07  -3.6e-05  -2.5e-06 
   0        -0         0         3.7e-05   4.9e-08  -9.6e-06 
   0        -0         0         2.4e-06   1.3e-05   2.8e-07 
  -1.6e-05   5.2e-06   0.00016   7.8e-06  -3.1e-05  -1.8e-06 
   9.3e-05   3.9e-05   5.9e-05   2.6e-06  -1.6e-05  -8.1e-06 
   9.3e-05   3.9e-05   5.9e-05  -4.1e-06  -2.1e-05  -3.9e-05 
  -1.6e-05   5.2e-06   0.00016  -7.4e-06  -3.5e-05  -3.4e-06 
  -9.4e-05   8.7e-05  -0.00012   1.2e-05   2.7e-05   1.4e-06 
  -9.4e-05   8.7e-05  -0.00012   5.4e-06   3.4e-05  -2.6e-05 
  -1.6e-05   5.2e-06   0.00016   7.8e-06  -3.1e-05  -1.8e-06 
  -5.1e-05   0.00011   0.00072   0.0001    0.00015  -2.8e-05 
  -5.1e-05   0.00011   0.00072   6.6e-05  -6.5e-07  -1.4e-05 
  -1.6e-05   5.2e-06   0.00016  -7.4e-06  -3.5e-05  -3.4e-06 
   4.6e-05   0.00011  -0.00076   0.00011  -0.00016  -2.8e-05 
   4.6e-05   0.00011  -0.00076   7.2e-05  -7.9e-09  -1.3e-05 

QFRC_BIAS
  -7e-08   
   6.9e-09 
   1.5e+02 
  -0.00014 
  -2.8     
   0.011   
   1.2     
  -0.038   
   0.15    
  -1.2     
  -0.038   
   0.15    
   1.1     
  -0.51    
   0.33    
  -1.1     
  -0.51    
   0.33    

QFRC_SPRING
   0       
   0       
   0       
   0       
   0       
   0       
   0       
   0       
   0       
   0       
   0       
   0       
   0       
   0       
   0       
   0       
   0       
   0       

QFRC_DAMPER
   0       
   0       
   0       
   0       
   0       
   0       
  -1.8e-06 
   3.6e-09 
  -5.7e-09 
   1.9e-05 
   3.4e-09 
  -3.9e-09 
  -6.9e-05 
  -8.9e-10 
   6.6e-09 
   8.2e-05 
  -9.6e-10 
   6.8e-09 

QFRC_GRAVCOMP
   0       
   0       
   0       
   0       
   0       
   0       
   0       
   0       
   0       
   0       
   0       
   0       
   0       
   0       
   0       
   0       
   0       
   0       

QFRC_FLUID
   0       
   0       
   0       
   0       
   0       
   0       
   0       
   0       
   0       
   0       
   0       
   0       
   0       
   0       
   0       
   0       
   0       
   0       

QFRC_PASSIVE
   0       
   0       
   0       
   0       
   0       
   0       
  -1.8e-06 
   3.6e-09 
  -5.7e-09 
   1.9e-05 
   3.4e-09 
  -3.9e-09 
  -6.9e-05 
  -8.9e-10 
   6.6e-09 
   8.2e-05 
  -9.6e-10 
   6.8e-09 

EFC_VEL
   1.8e-05 
  -3.6e-08 
   5.7e-08 
  -0.00019 
  -3.4e-08 
   3.9e-08 
   0.00069 
   8.9e-09 
  -6.6e-08 
  -0.00082 
   9.6e-09 
  -6.8e-08 
   3.6e-08 
   5.7e-08 
   3.4e-08 
   3.9e-08 
  -8.9e-09 
  -6.6e-08 
  -9.6e-09 
  -6.8e-08 
   1.7e-08 
   9.7e-06 
  -2.5e-06 
  -1.3e-08 
  -1e-05   
  -3.5e-06 
  -2.1e-08 
   4.6e-05 
   4e-06   
   1.7e-08 
  -4.5e-05 
   2.5e-06 

EFC_AREF
  -0.0019  
   3.8e-06 
  -6e-06   
   0.02    
   3.5e-06 
  -4.2e-06 
  -0.072   
  -9.3e-07 
   6.9e-06 
   0.086   
  -1e-06   
   7.1e-06 
   1.6     
   6.9     
   1.6     
   6.9     
   2.3     
   7.7     
   2.3     
   7.7     
   0.55    
  -0.001   
   0.00026 
   0.56    
   0.0011  
   0.00037 
   0.52    
  -0.0048  
  -0.00042 
   0.51    
   0.0047  
  -0.00027 

SUBTREE_LINVEL
   0         0         0       
   0         0         0       
   0         0         0       
   0         0         0       
   0         0         0       
   0         0         0       
   0         0         0       
   0         0         0       
   0         0         0       
   0         0         0       
   0         0         0       
   0         0         0       
   0         0         0       
   0         0         0       
   0         0         0       
   0         0         0       
   0         0         0       
   0         0         0       

SUBTREE_ANGMOM
   0         0         0       
   0         0         0       
   0         0         0       
   0         0         0       
   0         0         0       
   0         0         0       
   0         0         0       
   0         0         0       
   0         0         0       
   0         0         0       
   0         0         0       
   0         0         0       
   0         0         0       
   0         0         0       
   0         0         0       
   0         0         0       
   0         0         0       
   0         0         0       

ACTUATOR_FORCE
   0.1     
   0.8     
  -1.5     
  -0.1     
   0.8     
  -1.5     
   0.1     
   1       
  -1.5     
  -0.1     
   1       
  -1.5     

QFRC_ACTUATOR
   0       
   0       
   0       
   0       
   0       
   0       
  -0.1     
   0.8     
  -1.5     
   0.1     
   0.8     
  -1.5     
  -0.1     
   1       
  -1.5     
   0.1     
   1       
  -1.5     

QFRC_SMOOTH
   7e-08   
  -6.9e-09 
  -1.5e+02 
   0.00014 
   2.8     
  -0.011   
  -1.3     
   0.84    
  -1.6     
   1.3     
   0.84    
  -1.6     
  -1.2     
   1.5     
  -1.8     
   1.2     
   1.5     
  -1.8     

QACC_SMOOTH
  -0.72    
   0.002   
  -9.1     
  -0.023   
  -0.53    
   0.0054  
   1.4     
   39      
  -93      
  -1.4     
   39      
  -93      
   19      
   53      
  -95      
  -19      
   53      
  -95      

EFC_B
   1.4     
   39      
  -93      
  -1.4     
   39      
  -93      
   19      
   53      
  -95      
  -19      
   53      
  -95      
  -40      
  -1e+02   
  -40      
  -1e+02   
  -56      
  -1e+02   
  -56      
  -1e+02   
  -9.5     
   0.14    
   0.68    
  -9.5     
  -0.14    
   0.68    
  -8       
   1.2     
   0.85    
  -8       
  -1.2     
   0.85    

EFC_FORCE
  -0.0006  
   1.2e-06 
  -6.7e-07 
   0.0062  
   1.1e-06 
  -4.7e-07 
  -0.023   
  -3e-07   
   7.8e-07 
   0.027   
  -3.2e-07 
   8e-07   
   0.84    
   1.6     
   0.84    
   1.6     
   1.5     
   1.8     
   1.5     
   1.8     
   40      
  -7.4     
   1.9     
   41      
   7.9     
   2.7     
   34      
  -32      
  -2.8     
   34      
   31      
  -1.8     

EFC_STATE
  3
  3
  2
  2
  3
  2
  3
  3
  2
  2
  3
  2
  1
  1
  1
  1
  1
  1
  1
  1
  4
  4
  4
  4
  4
  4
  4
  4
  4
  4
  4
  4

QFRC_CONSTRAINT
  -4.6e-07 
   4e-07   
   1.5e+02 
  -0.00014 
  -2.8     
   0.011   
   1.3     
  -0.84    
   1.6     
  -1.3     
  -0.84    
   1.6     
   1.2     
  -1.5     
   1.8     
  -1.2     
  -1.5     
   1.8     

QFRC_INVERSE
   0       
   0       
   0       
   0       
   0       
   0       
   0       
   0       
   0       
   0       
   0       
   0       
   0       
   0       
   0       
   0       
   0       
   0       

CACC
   0         0         0        -0        -0         9.8     
   4.8e-07  -6.1e-07   1.1e-07  -2.9e-08   2.7e-08   9.8     
  -3.5e-07  -6.1e-07   3.4e-08  -3.2e-08   2.2e-08   9.8     
  -3.5e-07  -6.1e-07   3.3e-08  -3.2e-08   2.2e-08   9.8     
  -3.5e-07  -6.1e-07   3.2e-08  -3.3e-08   2.2e-08   9.8     
  -3.5e-07  -6.1e-07   3.2e-08  -3.3e-08   2.2e-08   9.8     
  -5e-07    -6.1e-07  -1.5e-08  -2.3e-08   2.8e-08   9.8     
  -5e-07    -6.1e-07  -1.4e-08  -2.3e-08   2.8e-08   9.8     
  -5e-07    -6.1e-07  -1.4e-08  -2.3e-08   2.8e-08   9.8     
  -5e-07    -6.1e-07  -1.4e-08  -2.3e-08   2.8e-08   9.8     
   2.1e-06  -6.1e-07   3.8e-07  -1.6e-08   1.4e-08   9.8     
   2.1e-06  -5.9e-07   3.8e-07  -1.6e-08   1.4e-08   9.8     
   2.1e-06  -6e-07     3.8e-07  -1.5e-08   1.4e-08   9.8     
   2.1e-06  -6e-07     3.8e-07  -1.5e-08   1.4e-08   9.8     
  -2.5e-06  -6.1e-07  -3.2e-07  -8.7e-09   4e-08     9.8     
  -2.5e-06  -6e-07    -3.2e-07  -8.6e-09   4.1e-08   9.8     
  -2.5e-06  -6.1e-07  -3.2e-07  -8.1e-09   4.1e-08   9.8     
  -2.5e-06  -6.1e-07  -3.2e-07  -8.1e-09   4.1e-08   9.8     

CFRC_INT
  -1.6e-15   2.2e-15   4.4e-16   1.2e-14  -9.8e-15   1.8e-14 
  -1.6e-15   2.2e-15   4.4e-16   1.2e-14  -9.8e-15   1.8e-14 
  -1.2       3.4       1.1       1.9       7.4      -20      
   1.8      -2.5       1.8e-08  -5.8e-08   4.2e-08   14      
   0.42     -0.36      4.5e-09  -1.4e-08   9.3e-09   2.4     
   0         0         0         0         0         0       
   1.2       3.4      -1.2       2.7      -7.9      -20      
  -1.8      -2.5       9e-10    -4.2e-08   4.2e-08   14      
  -0.42     -0.36     -4e-10    -1.2e-08   1.1e-08   2.4     
   0         0         0         0         0         0       
  -0.32     -3.3      -6.3      -2.8       32       -14      
   1.7       2.4       1.6e-08  -7.9e-08  -4e-08     14      
   0.36      0.34      9.4e-09  -2.4e-08  -3.5e-08   2.4     
   0         0         0        -0         0         0       
   0.29     -3.2       6.3      -1.8      -31       -14      
  -1.7       2.4      -2.2e-08  -5.7e-08   9.3e-08   14      
  -0.35      0.34     -1.1e-08  -2e-08     5e-08     2.4     
   0         0         0         0         0         0       

CFRC_EXT
   0         0         0         0         0         0       
   0         0         0         0         0         0       
   3.3      -7        -1.1      -1.9      -7.4       40      
   0         0         0         0         0         0       
   0         0         0         0         0         0       
   0         0         0         0         0         0       
  -3.3      -7         1.2      -2.7       7.9       41      
   0         0         0         0         0         0       
   0         0         0         0         0         0       
   0         0         0         0         0         0       
   2.3       7         6.3       2.8      -32        34      
   0         0         0         0         0         0       
   0         0         0         0         0         0       
   0         0         0         0         0         0       
  -2.3       7        -6.3       1.8       31        34      
   0         0         0         0         0         0       
   0         0         0         0         0         0       
   0         0         0         0         0         0       

TREE_ISLAND
  0

ISLAND_NTREE
  1

ISLAND_ITREEADR
  0

MAP_ITREE2TREE
  0

DOF_ISLAND            0 0 0 0 0 0 0 0 0 0 0 0 0 0 0 0 0 0

ISLAND_NV             18

ISLAND_IDOFADR        0

MAP_IDOF2DOF          0 1 2 3 4 5 6 7 8 9 10 11 12 13 14 15 16 17

EFC_ISLAND            0 0 0 0 0 0 0 0 0 0 0 0 0 0 0 0 0 0 0 0 0 0 0 0 0 0 0 0 0 0 0 0

ISLAND_NEFC           32

ISLAND_IEFCADR        0

MAP_IEFC2EFC          0 1 2 3 4 5 6 7 8 9 10 11 12 13 14 15 16 17 18 19 20 21 22 23 24 25 26 27 28 29 30 31

